 ElevationVectorValues[0] = -0.912945
 ElevationVectorValues[1] = -0.878494
 ElevationVectorValues[2] = -0.844043
 ElevationVectorValues[3] = -0.809593
 ElevationVectorValues[4] = -0.775142
 ElevationVectorValues[5] = -0.740691
 ElevationVectorValues[6] = -0.706240
 ElevationVectorValues[7] = -0.671790
 ElevationVectorValues[8] = -0.637339
 ElevationVectorValues[9] = -0.602888
 ElevationVectorValues[10] = -0.568437
 ElevationVectorValues[11] = -0.533987
 ElevationVectorValues[12] = -0.499536
 ElevationVectorValues[13] = -0.465085
 ElevationVectorValues[14] = -0.430634
 ElevationVectorValues[15] = -0.396184
 ElevationVectorValues[16] = -0.361733
 ElevationVectorValues[17] = -0.327282
 ElevationVectorValues[18] = -0.292831
 ElevationVectorValues[19] = -0.258381
 ElevationVectorValues[20] = -0.223930
 ElevationVectorValues[21] = -0.189479
 ElevationVectorValues[22] = -0.155028
 ElevationVectorValues[23] = -0.120578
 ElevationVectorValues[24] = -0.086127
 ElevationVectorValues[25] = -0.051676
 ElevationVectorValues[26] = -0.017225
 ElevationVectorValues[27] = 0.017225
 ElevationVectorValues[28] = 0.051676
 ElevationVectorValues[29] = 0.086127
 ElevationVectorValues[30] = 0.120578
 ElevationVectorValues[31] = 0.155028
 ElevationVectorValues[32] = 0.189479
 ElevationVectorValues[33] = 0.223930
 ElevationVectorValues[34] = 0.258381
 ElevationVectorValues[35] = 0.292831
 ElevationVectorValues[36] = 0.327282
 ElevationVectorValues[37] = 0.361733
 ElevationVectorValues[38] = 0.396184
 ElevationVectorValues[39] = 0.430634
 ElevationVectorValues[40] = 0.465085
 ElevationVectorValues[41] = 0.499536
 ElevationVectorValues[42] = 0.533987
 ElevationVectorValues[43] = 0.568437
 ElevationVectorValues[44] = 0.602888
 ElevationVectorValues[45] = 0.637339
 ElevationVectorValues[46] = 0.671790
 ElevationVectorValues[47] = 0.706240
 ElevationVectorValues[48] = 0.740691
 ElevationVectorValues[49] = 0.775142
 ElevationVectorValues[50] = 0.809593
 ElevationVectorValues[51] = 0.844043
 ElevationVectorValues[52] = 0.878494
0.878494
